1.000000000000000078e-15 1.118033988749878772e+05
6.896551724138026696e-02 1.181217755018037358e-02
1.379310344827595347e-01 7.355764664649723159e-03
2.068965517241387886e-01 5.318194304792720623e-03
2.758620689655180702e-01 4.107418585237987245e-03
3.448275862068973519e-01 3.304663791685098773e-03
4.137931034482765780e-01 2.740417279774982461e-03
4.827586206896558596e-01 2.329507281364577662e-03
5.517241379310351412e-01 2.023157217011582569e-03
6.206896551724143674e-01 1.790928002698794321e-03
6.896551724137937045e-01 1.612672638732015520e-03
7.586206896551729306e-01 1.474492674753773895e-03
8.275862068965521567e-01 1.366511157739722917e-03
8.965517241379314939e-01 1.281554704162200841e-03
9.655172413793107200e-01 1.214327769375436912e-03
1.034482758620690168e+00 1.160871349453968318e-03
1.103448275862069394e+00 1.118195331099103643e-03
1.172413793103448620e+00 1.084021854558839607e-03
1.241379310344827847e+00 1.056602392978690840e-03
1.310344827586207295e+00 1.034585295548726526e-03
1.379310344827586521e+00 1.016918707469488710e-03
1.448275862068965747e+00 1.002778744538181284e-03
1.517241379310344973e+00 9.915159457172762966e-04
1.586206896551724199e+00 9.826150928905074029e-04
1.655172413793103425e+00 9.756648860658919927e-04
1.724137931034482873e+00 9.703349326751064142e-04
1.793103448275862100e+00 9.663581954262416562e-04
1.862068965517241326e+00 9.635175344821504846e-04
1.931034482758620552e+00 9.616353352801243742e-04
2.000000000000000000e+00 9.605654727521596064e-04
