1.000000000000000078e-15 7.905694150420649385e+04
6.896551724138026696e-02 8.389910283776353533e-03
1.379310344827595347e-01 5.199787780788675887e-03
2.068965517241387886e-01 3.705387732414935215e-03
2.758620689655180702e-01 2.793753709237689793e-03
3.448275862068973519e-01 2.175087919095706687e-03
4.137931034482765780e-01 1.732558262681617054e-03
4.827586206896558596e-01 1.406932137175282913e-03
5.517241379310351412e-01 1.163453869051478190e-03
6.206896551724143674e-01 9.796348973660081675e-04
6.896551724137937045e-01 8.399601696499405272e-04
7.586206896551729306e-01 7.332896744893944909e-04
8.275862068965521567e-01 6.514376648887573772e-04
8.965517241379314939e-01 5.883158751353088998e-04
9.655172413793107200e-01 5.393712823684983443e-04
1.034482758620690168e+00 5.011924950828002987e-04
1.103448275862069394e+00 4.712223234161775558e-04
1.172413793103448620e+00 4.475431452805383125e-04
1.241379310344827847e+00 4.287153201019287731e-04
1.310344827586207295e+00 4.136555751764588932e-04
1.379310344827586521e+00 4.015458697739218361e-04
1.448275862068965747e+00 3.917654670395793472e-04
1.517241379310344973e+00 3.838405472009898535e-04
1.586206896551724199e+00 3.774069584585932518e-04
1.655172413793103425e+00 3.721827248331394003e-04
1.724137931034482873e+00 3.679477523622758659e-04
1.793103448275862100e+00 3.645288224150527025e-04
1.862068965517241326e+00 3.617884595477615923e-04
1.931034482758620552e+00 3.596166378217355796e-04
2.000000000000000000e+00 3.579245694199534333e-04
