1.000000000000000078e-15 1.581138830084197689e+05
6.896551724138026696e-02 1.650985662120570477e-02
1.379310344827595347e-01 1.032923796882630196e-02
2.068965517241387886e-01 7.593199420524576228e-03
2.758620689655180702e-01 6.015033791980558750e-03
3.448275862068973519e-01 4.994061802163340252e-03
4.137931034482765780e-01 4.290218332022441815e-03
4.827586206896558596e-01 3.785401647245098099e-03
5.517241379310351412e-01 3.413686571456984141e-03
6.206896551724143674e-01 3.135007674715701263e-03
6.896551724137937045e-01 2.923488364491260219e-03
7.586206896551729306e-01 2.761640891046355725e-03
8.275862068965521567e-01 2.637228493530286225e-03
8.965517241379314939e-01 2.541451949243032395e-03
9.655172413793107200e-01 2.467844653627362158e-03
1.034482758620690168e+00 2.411569669619960301e-03
1.103448275862069394e+00 2.368956179631250165e-03
1.172413793103448620e+00 2.337184480046813461e-03
1.241379310344827847e+00 2.314066422603261886e-03
1.310344827586207295e+00 2.297889061224733624e-03
1.379310344827586521e+00 2.287301259342145246e-03
1.448275862068965747e+00 2.281230164384467386e-03
1.517241379310344973e+00 2.278818857714963887e-03
1.586206896551724199e+00 2.279379274636591027e-03
1.655172413793103425e+00 2.282356299220179158e-03
1.724137931034482873e+00 2.287300142176873496e-03
1.793103448275862100e+00 2.293844926787014498e-03
1.862068965517241326e+00 2.301691973327801843e-03
1.931034482758620552e+00 2.310596669758531885e-03
2.000000000000000000e+00 2.320358100892565365e-03
