0.000000000000000000e+00 8.098113124802917184e+01 0.000000000000000000e+00
1.666666666666666644e-02 8.095363038478367912e+01 1.533844031059462543e-01
3.333333333333333287e-02 8.086763417181657587e+01 6.135289278499177490e-01
5.000000000000000278e-02 8.071244882367813034e+01 1.380406572905570561e+00
6.666666666666666574e-02 8.046951126446521130e+01 2.453969021257223382e+00
8.333333333333332871e-02 8.011116432862017689e+01 3.834141078850190176e+00
1.000000000000000056e-01 7.959867905328066229e+01 5.520811537012183301e+00
1.166666666666666685e-01 7.887916617854395440e+01 7.513818616905939329e+00
1.333333333333333315e-01 7.788072859009228921e+01 9.812926644589119007e+00
1.499999999999999944e-01 7.650465603049671870e+01 1.241778763390722062e+01
1.666666666666666574e-01 7.461253447581802334e+01 1.532787538472222977e+01
1.833333333333333204e-01 7.200630290334149208e+01 1.854236933164980528e+01
2.000000000000000111e-01 6.841619405014787958e+01 2.205997435828055586e+01
2.166666666666666741e-01 6.362028185695032079e+01 2.587888726769715575e+01
2.333333333333333370e-01 5.803313149994355769e+01 2.999797685470971942e+01
2.500000000000000000e-01 5.337613693411894644e+01 3.441965393208362656e+01
2.666666666666666630e-01 5.144123766884371207e+01 3.914919753073127850e+01
2.833333333333333259e-01 5.235998387455669700e+01 4.418958548316135193e+01
2.999999999999999889e-01 5.528971532328093730e+01 4.954068139187261011e+01
3.166666666666666519e-01 5.948862603492093371e+01 5.520151177233584860e+01
3.333333333333333148e-01 6.452599507061282225e+01 6.117133686547686722e+01
3.499999999999999778e-01 7.017556332448982914e+01 6.744973233835352744e+01
3.666666666666666408e-01 7.631743221985531989e+01 7.403647282675163410e+01
3.833333333333333037e-01 8.288513546926994024e+01 8.093144035698013283e+01
4.000000000000000222e-01 8.983982345110084111e+01 8.813457231104912637e+01
